kodim01: 512x768, PSNR:11.1345, MS-SSIM:0.2039, Training:546.7364s, Eval:0.00052129s, FPS:1918.3169
Average: 512x768, PSNR:11.1345, MS-SSIM:0.2039, Training:546.7364s, Eval:0.00052129s, FPS:1918.3169
