kodim01: 512x768, PSNR:13.0793, MS-SSIM:0.2262, Training:199.4446s, Eval:0.00064061s, FPS:1561.0023
Average: 512x768, PSNR:13.0793, MS-SSIM:0.2262, Training:199.4446s, Eval:0.00064061s, FPS:1561.0023
