kodim01: 512x768, PSNR:14.9321, MS-SSIM:0.2840, Training:256.7231s, Eval:0.00090394s, FPS:1106.2650
Average: 512x768, PSNR:14.9321, MS-SSIM:0.2840, Training:256.7231s, Eval:0.00090394s, FPS:1106.2649
