kodim01: 512x768, PSNR:14.3454, MS-SSIM:0.2633, Training:369.2897s, Eval:0.00052070s, FPS:1920.5040
Average: 512x768, PSNR:14.3454, MS-SSIM:0.2633, Training:369.2897s, Eval:0.00052070s, FPS:1920.5040
