kodim01: 512x768, PSNR:15.6283, MS-SSIM:0.2701, Training:748.4688s, Eval:0.00056214s, FPS:1778.9208
Average: 512x768, PSNR:15.6283, MS-SSIM:0.2701, Training:748.4688s, Eval:0.00056214s, FPS:1778.9209
