kodim01: 512x768, PSNR:11.3340, MS-SSIM:0.1924, Training:564.3636s, Eval:0.00054819s, FPS:1824.1815
Average: 512x768, PSNR:11.3340, MS-SSIM:0.1924, Training:564.3636s, Eval:0.00054819s, FPS:1824.1815
