kodim01: 512x768, PSNR:15.0952, MS-SSIM:0.2863, Training:250.6400s, Eval:0.00070968s, FPS:1409.0923
Average: 512x768, PSNR:15.0952, MS-SSIM:0.2863, Training:250.6400s, Eval:0.00070968s, FPS:1409.0923
