kodim01: 512x768, PSNR:13.1714, MS-SSIM:0.2393, Training:575.4396s, Eval:0.00045518s, FPS:2196.9139
Average: 512x768, PSNR:13.1714, MS-SSIM:0.2393, Training:575.4396s, Eval:0.00045518s, FPS:2196.9138
