kodim01: 512x768, PSNR:11.3095, MS-SSIM:0.1721, Training:547.9372s, Eval:0.00052399s, FPS:1908.4189
Average: 512x768, PSNR:11.3095, MS-SSIM:0.1721, Training:547.9372s, Eval:0.00052399s, FPS:1908.4189
