kodim01: 512x768, PSNR:11.5506, MS-SSIM:0.1886, Training:188.0691s, Eval:0.00054687s, FPS:1828.5794
Average: 512x768, PSNR:11.5506, MS-SSIM:0.1886, Training:188.0691s, Eval:0.00054687s, FPS:1828.5793
