kodim01: 512x768, PSNR:13.1198, MS-SSIM:0.2571, Training:179.2323s, Eval:0.00053108s, FPS:1882.9479
Average: 512x768, PSNR:13.1198, MS-SSIM:0.2571, Training:179.2323s, Eval:0.00053108s, FPS:1882.9479
