kodim01: 512x768, PSNR:13.1198, MS-SSIM:0.2571, Training:179.2323s, Eval:0.00053108s, FPS:1882.9479
Average: 512x768, PSNR:13.1198, MS-SSIM:0.2571, Training:179.2323s, Eval:0.00053108s, FPS:1882.9479
kodim01: 512x768, PSNR:13.7564, MS-SSIM:0.2349, Training:233.9547s, Eval:0.00082637s, FPS:1210.1072
Average: 512x768, PSNR:13.7564, MS-SSIM:0.2349, Training:233.9547s, Eval:0.00082637s, FPS:1210.1072
